Some((
    red: 0.59145874,
    green: 0.39654133,
    blue: 1.0,
    alpha: 1.0,
))