Some((
    red: 0.41704163,
    green: 0.0,
    blue: 0.83408326,
))