Some((
    red: 0.015514973,
    green: 0.0,
    blue: 0.02820903,
    alpha: 1.0,
))