Some((
    red: 0.72811735,
    green: 0.72811705,
    blue: 0.7281171,
))